00 00 04 e4 55 55 55 55 55 55 55 d5 00 00 00 00 27 10 00 00 00 00 1111
00 00 09 c7 55 55 55 55 55 55 55 d5 00 00 00 00 4e 28 00 00 00 00 1111
00 00 0e aa 55 55 55 55 55 55 55 d5 00 00 00 00 75 40 00 00 00 00 1111
00 00 13 8d 55 55 55 55 55 55 55 d5 00 00 00 00 9c 58 00 00 00 00 1111
00 00 18 70 55 55 55 55 55 55 55 d5 00 00 00 00 c3 70 00 00 00 00 1111
00 00 1d 53 55 55 55 55 55 55 55 d5 00 00 00 00 ea 88 00 00 00 00 1111
00 00 22 36 55 55 55 55 55 55 55 d5 00 00 00 01 11 a0 00 00 00 00 1111
00 00 27 19 55 55 55 55 55 55 55 d5 00 00 00 01 38 b8 00 00 00 00 1111
00 00 2b fc 55 55 55 55 55 55 55 d5 00 00 00 01 5f d0 00 00 00 00 1111
00 00 30 df 55 55 55 55 55 55 55 d5 00 00 00 01 86 e8 00 00 00 00 1111
00 00 35 c2 55 55 55 55 55 55 55 d5 00 00 00 01 ae 00 00 00 00 00 1111
00 00 3a a5 55 55 55 55 55 55 55 d5 00 00 00 01 d5 18 00 00 00 00 1111
00 00 3f 88 55 55 55 55 55 55 55 d5 00 00 00 01 fc 30 00 00 00 00 1111
00 00 44 6b 55 55 55 55 55 55 55 d5 00 00 00 02 23 48 00 00 00 00 1111
00 00 49 4e 55 55 55 55 55 55 55 d5 00 00 00 02 4a 60 00 00 00 00 1111
00 00 4e 31 55 55 55 55 55 55 55 d5 00 00 00 02 71 78 00 00 00 00 1111
00 00 53 14 55 55 55 55 55 55 55 d5 00 00 00 02 98 90 00 00 00 00 1111
00 00 57 f7 55 55 55 55 55 55 55 d5 00 00 00 02 bf a8 00 00 00 00 1111
00 00 5c da 55 55 55 55 55 55 55 d5 00 00 00 02 e6 c0 00 00 00 00 1111
00 00 61 bd 55 55 55 55 55 55 55 d5 00 00 00 03 0d d8 00 00 00 00 1111
00 00 66 a0 55 55 55 55 55 55 55 d5 00 00 00 03 34 f0 00 00 00 00 1111
00 00 6b 83 55 55 55 55 55 55 55 d5 00 00 00 03 5c 08 00 00 00 00 1111
00 00 70 66 55 55 55 55 55 55 55 d5 00 00 00 03 83 20 00 00 00 00 1111
00 00 75 49 55 55 55 55 55 55 55 d5 00 00 00 03 aa 38 00 00 00 00 1111
00 00 7a 2c 55 55 55 55 55 55 55 d5 00 00 00 03 d1 50 00 00 00 00 1111
00 00 7f 0f 55 55 55 55 55 55 55 d5 00 00 00 03 f8 68 00 00 00 00 1111
00 00 83 f2 55 55 55 55 55 55 55 d5 00 00 00 04 1f 80 00 00 00 00 1111
00 00 88 d5 55 55 55 55 55 55 55 d5 00 00 00 04 46 98 00 00 00 00 1111
00 00 8d b8 55 55 55 55 55 55 55 d5 00 00 00 04 6d b0 00 00 00 00 1111
00 00 92 9b 55 55 55 55 55 55 55 d5 00 00 00 04 94 c8 00 00 00 00 1111
00 00 97 7e 55 55 55 55 55 55 55 d5 00 00 00 04 bb e0 00 00 00 00 1111
00 00 9c 61 55 55 55 55 55 55 55 d5 00 00 00 04 e2 f8 00 00 00 00 1111
00 00 a1 44 55 55 55 55 55 55 55 d5 00 00 00 05 0a 10 00 00 00 00 1111
00 00 a6 27 55 55 55 55 55 55 55 d5 00 00 00 05 31 28 00 00 00 00 1111
00 00 ab 0a 55 55 55 55 55 55 55 d5 00 00 00 05 58 40 00 00 00 00 1111
00 00 af ed 55 55 55 55 55 55 55 d5 00 00 00 05 7f 58 00 00 00 00 1111
00 00 b4 d0 55 55 55 55 55 55 55 d5 00 00 00 05 a6 70 00 00 00 00 1111
00 00 b9 b3 55 55 55 55 55 55 55 d5 00 00 00 05 cd 88 00 00 00 00 1111
00 00 be 96 55 55 55 55 55 55 55 d5 00 00 00 05 f4 a0 00 00 00 00 1111
00 00 c3 79 55 55 55 55 55 55 55 d5 00 00 00 06 1b b8 00 00 00 00 1111
00 00 c8 5c 55 55 55 55 55 55 55 d5 00 00 00 06 42 d0 00 00 00 00 1111
00 00 cd 3f 55 55 55 55 55 55 55 d5 00 00 00 06 69 e8 00 00 00 00 1111
00 00 d2 22 55 55 55 55 55 55 55 d5 00 00 00 06 91 00 00 00 00 00 1111
00 00 d7 05 55 55 55 55 55 55 55 d5 00 00 00 06 b8 18 00 00 00 00 1111
00 00 db e8 55 55 55 55 55 55 55 d5 00 00 00 06 df 30 00 00 00 00 1111
00 00 e0 cb 55 55 55 55 55 55 55 d5 00 00 00 07 06 48 00 00 00 00 1111
00 00 e5 ae 55 55 55 55 55 55 55 d5 00 00 00 07 2d 60 00 00 00 00 1111
00 00 ea 91 55 55 55 55 55 55 55 d5 00 00 00 07 54 78 00 00 00 00 1111
00 00 ef 74 55 55 55 55 55 55 55 d5 00 00 00 07 7b 90 00 00 00 00 1111
00 00 f4 57 55 55 55 55 55 55 55 d5 00 00 00 07 a2 a8 00 00 00 00 1111
00 00 f9 3a 55 55 55 55 55 55 55 d5 00 00 00 07 c9 c0 00 00 00 00 1111
00 00 fe 1d 55 55 55 55 55 55 55 d5 00 00 00 07 f0 d8 00 00 00 00 1111
00 01 03 00 55 55 55 55 55 55 55 d5 00 00 00 08 17 f0 00 00 00 00 1111
00 01 07 e3 55 55 55 55 55 55 55 d5 00 00 00 08 3f 08 00 00 00 00 1111
00 01 0c c6 55 55 55 55 55 55 55 d5 00 00 00 08 66 20 00 00 00 00 1111
00 01 11 a9 55 55 55 55 55 55 55 d5 00 00 00 08 8d 38 00 00 00 00 1111
00 01 16 8c 55 55 55 55 55 55 55 d5 00 00 00 08 b4 50 00 00 00 00 1111
00 01 1b 6f 55 55 55 55 55 55 55 d5 00 00 00 08 db 68 00 00 00 00 1111
00 01 20 52 55 55 55 55 55 55 55 d5 00 00 00 09 02 80 00 00 00 00 1111
00 01 25 35 55 55 55 55 55 55 55 d5 00 00 00 09 29 98 00 00 00 00 1111
00 01 2a 18 55 55 55 55 55 55 55 d5 00 00 00 09 50 b0 00 00 00 00 1111
00 01 2e fb 55 55 55 55 55 55 55 d5 00 00 00 09 77 c8 00 00 00 00 1111
00 01 33 de 55 55 55 55 55 55 55 d5 00 00 00 09 9e e0 00 00 00 00 1111
00 01 38 c1 55 55 55 55 55 55 55 d5 00 00 00 09 c5 f8 00 00 00 00 1111
00 01 3d a4 55 55 55 55 55 55 55 d5 00 00 00 09 ed 10 00 00 00 00 1111
00 01 42 87 55 55 55 55 55 55 55 d5 00 00 00 0a 14 28 00 00 00 00 1111
00 01 47 6a 55 55 55 55 55 55 55 d5 00 00 00 0a 3b 40 00 00 00 00 1111
00 01 4c 4d 55 55 55 55 55 55 55 d5 00 00 00 0a 62 58 00 00 00 00 1111
00 01 51 30 55 55 55 55 55 55 55 d5 00 00 00 0a 89 70 00 00 00 00 1111
00 01 56 13 55 55 55 55 55 55 55 d5 00 00 00 0a b0 88 00 00 00 00 1111
00 01 5a f6 55 55 55 55 55 55 55 d5 00 00 00 0a d7 a0 00 00 00 00 1111
00 01 5f d9 55 55 55 55 55 55 55 d5 00 00 00 0a fe b8 00 00 00 00 1111
00 01 64 bc 55 55 55 55 55 55 55 d5 00 00 00 0b 25 d0 00 00 00 00 1111
00 01 69 9f 55 55 55 55 55 55 55 d5 00 00 00 0b 4c e8 00 00 00 00 1111
00 01 6e 82 55 55 55 55 55 55 55 d5 00 00 00 0b 74 00 00 00 00 00 1111
00 01 73 65 55 55 55 55 55 55 55 d5 00 00 00 0b 9b 18 00 00 00 00 1111
00 01 78 48 55 55 55 55 55 55 55 d5 00 00 00 0b c2 30 00 00 00 00 1111
00 01 7d 2b 55 55 55 55 55 55 55 d5 00 00 00 0b e9 48 00 00 00 00 1111
00 01 82 0e 55 55 55 55 55 55 55 d5 00 00 00 0c 10 60 00 00 00 00 1111
00 01 86 f1 55 55 55 55 55 55 55 d5 00 00 00 0c 37 78 00 00 00 00 1111
00 01 8b d4 55 55 55 55 55 55 55 d5 00 00 00 0c 5e 90 00 00 00 00 1111
00 01 90 b7 55 55 55 55 55 55 55 d5 00 00 00 0c 85 a8 00 00 00 00 1111
00 01 95 9a 55 55 55 55 55 55 55 d5 00 00 00 0c ac c0 00 00 00 00 1111
00 01 9a 7d 55 55 55 55 55 55 55 d5 00 00 00 0c d3 d8 00 00 00 00 1111
00 01 9f 60 55 55 55 55 55 55 55 d5 00 00 00 0c fa f0 00 00 00 00 1111
00 01 a4 43 55 55 55 55 55 55 55 d5 00 00 00 0d 22 08 00 00 00 00 1111
00 01 a9 26 55 55 55 55 55 55 55 d5 00 00 00 0d 49 20 00 00 00 00 1111
00 01 ae 09 55 55 55 55 55 55 55 d5 00 00 00 0d 70 38 00 00 00 00 1111
00 01 b2 ec 55 55 55 55 55 55 55 d5 00 00 00 0d 97 50 00 00 00 00 1111
00 01 b7 cf 55 55 55 55 55 55 55 d5 00 00 00 0d be 68 00 00 00 00 1111
00 01 bc b2 55 55 55 55 55 55 55 d5 00 00 00 0d e5 80 00 00 00 00 1111
00 01 c1 95 55 55 55 55 55 55 55 d5 00 00 00 0e 0c 98 00 00 00 00 1111
00 01 c6 78 55 55 55 55 55 55 55 d5 00 00 00 0e 33 b0 00 00 00 00 1111
00 01 cb 5b 55 55 55 55 55 55 55 d5 00 00 00 0e 5a c8 00 00 00 00 1111
00 01 d0 3e 55 55 55 55 55 55 55 d5 00 00 00 0e 81 e0 00 00 00 00 1111
00 01 d5 21 55 55 55 55 55 55 55 d5 00 00 00 0e a8 f8 00 00 00 00 1111
00 01 da 04 55 55 55 55 55 55 55 d5 00 00 00 0e d0 10 00 00 00 00 1111
00 01 de e7 55 55 55 55 55 55 55 d5 00 00 00 0e f7 28 00 00 00 00 1111
00 01 e3 ca 55 55 55 55 55 55 55 d5 00 00 00 0f 1e 40 00 00 00 00 1111
00 01 e8 ad 55 55 55 55 55 55 55 d5 00 00 00 0f 45 58 00 00 00 00 1111
00 01 ed 90 55 55 55 55 55 55 55 d5 00 00 00 0f 6c 70 00 00 00 00 1111
00 01 f2 73 55 55 55 55 55 55 55 d5 00 00 00 0f 93 88 00 00 00 00 1111
00 01 f7 56 55 55 55 55 55 55 55 d5 00 00 00 0f ba a0 00 00 00 00 1111
00 01 fc 39 55 55 55 55 55 55 55 d5 00 00 00 0f e1 b8 00 00 00 00 1111
00 02 01 1c 55 55 55 55 55 55 55 d5 00 00 00 10 08 d0 00 00 00 00 1111
00 02 05 ff 55 55 55 55 55 55 55 d5 00 00 00 10 2f e8 00 00 00 00 1111
00 02 0a e2 55 55 55 55 55 55 55 d5 00 00 00 10 57 00 00 00 00 00 1111
00 02 0f c5 55 55 55 55 55 55 55 d5 00 00 00 10 7e 18 00 00 00 00 1111
00 02 14 a8 55 55 55 55 55 55 55 d5 00 00 00 10 a5 30 00 00 00 00 1111
00 02 19 8b 55 55 55 55 55 55 55 d5 00 00 00 10 cc 48 00 00 00 00 1111
00 02 1e 6e 55 55 55 55 55 55 55 d5 00 00 00 10 f3 60 00 00 00 00 1111
00 02 23 51 55 55 55 55 55 55 55 d5 00 00 00 11 1a 78 00 00 00 00 1111
00 02 28 34 55 55 55 55 55 55 55 d5 00 00 00 11 41 90 00 00 00 00 1111
00 02 2d 17 55 55 55 55 55 55 55 d5 00 00 00 11 68 a8 00 00 00 00 1111
00 02 31 fa 55 55 55 55 55 55 55 d5 00 00 00 11 8f c0 00 00 00 00 1111
00 02 36 dd 55 55 55 55 55 55 55 d5 00 00 00 11 b6 d8 00 00 00 00 1111
00 02 3b c0 55 55 55 55 55 55 55 d5 00 00 00 11 dd f0 00 00 00 00 1111
00 02 40 a3 55 55 55 55 55 55 55 d5 00 00 00 12 05 08 00 00 00 00 1111
00 02 45 86 55 55 55 55 55 55 55 d5 00 00 00 12 2c 20 00 00 00 00 1111
