00 00 b2 18 55 55 55 55 55 55 55 d5 66 26 62 00 60 01 66 26 62 00 00 00 ff 01 02 03 00 02 00 18 00 0c 80 00 00 00 00 00 00 04 00 00 00 00 00 00 00 00 00 00 00 00 00 00 00 00 00 00 00 00 00 00 00 00 00 00 00 00 00 00 fc 76 a7 fd 1111
00 00 b6 11 55 55 55 55 55 55 55 d5 66 26 62 00 60 01 66 26 62 00 00 00 ff 01 02 03 00 02 00 18 00 04 80 00 00 00 00 00 00 01 00 00 00 00 00 00 00 00 00 00 00 00 00 00 00 00 00 00 00 00 00 00 00 00 00 00 00 00 00 00 e2 6a 04 d1 1111
00 00 ba 13 55 55 55 55 55 55 55 d5 66 26 62 00 60 01 66 26 62 00 00 00 ff 01 02 03 00 02 00 18 00 06 80 00 00 00 00 00 00 02 00 00 00 00 00 00 00 00 00 00 00 00 00 00 00 00 00 00 00 00 00 00 00 00 00 00 00 00 00 00 c3 44 3e 5f 1111
00 00 be 0c 55 55 55 55 55 55 55 d5 66 26 62 00 60 01 66 26 62 00 00 00 ff 01 02 03 00 02 00 18 00 02 80 00 00 00 00 00 00 08 00 00 00 00 00 00 00 00 00 00 00 00 00 00 00 00 00 00 00 00 00 00 00 00 00 00 00 00 00 00 0c fb 9b d4 1111
00 00 c2 05 55 55 55 55 55 55 55 d5 66 26 62 00 60 01 66 26 62 00 00 00 ff 01 02 03 00 02 00 18 00 08 80 00 00 00 00 00 00 08 00 00 00 00 00 00 00 00 00 00 00 00 00 00 00 00 00 00 00 00 00 00 00 00 00 00 00 00 00 00 d5 bb 52 50 1111
00 00 c6 07 55 55 55 55 55 55 55 d5 66 26 62 00 60 01 66 26 62 00 00 00 ff 01 02 03 00 02 00 18 00 0a 80 00 00 00 00 00 00 08 00 00 00 00 00 00 00 00 00 00 00 00 00 00 00 00 00 00 00 00 00 00 00 00 00 00 00 00 00 00 87 ac 40 cd 1111
00 00 ca 00 55 55 55 55 55 55 55 d5 66 26 62 00 60 01 66 26 62 00 00 00 ff 01 02 03 00 02 00 18 00 0e 80 00 00 00 00 00 00 04 00 00 00 00 00 00 00 00 00 00 00 00 00 00 00 00 00 00 00 00 00 00 00 00 00 00 00 00 00 00 ae 61 b5 60 1111
00 00 cc 9a 55 55 55 55 55 55 55 d5 66 26 62 00 60 01 66 26 62 00 00 00 ff 01 02 03 00 01 00 00 00 02 00 00 60 00 00 00 00 00 00 00 00 00 00 00 00 00 00 00 00 00 00 00 00 00 00 00 00 00 00 00 00 00 00 00 00 00 00 00 39 cd cd 9a 1111
00 00 cf 34 55 55 55 55 55 55 55 d5 66 26 62 00 60 01 66 26 62 00 00 00 ff 01 02 03 00 01 00 00 00 01 00 00 34 10 00 00 00 00 00 00 00 00 00 00 00 00 00 00 00 00 00 00 00 00 00 00 00 00 00 00 00 00 00 00 00 00 00 00 b0 2a 5a ec 1111
00 00 d1 d7 55 55 55 55 55 55 55 d5 66 26 62 00 60 01 66 26 62 00 00 00 ff 01 02 03 00 01 00 00 00 03 00 00 34 10 00 00 00 00 00 00 00 00 00 00 00 00 00 00 00 00 00 00 00 00 00 00 00 00 00 00 00 00 00 00 00 00 00 00 e2 3d 48 71 1111
00 01 7e ea 55 55 55 55 55 55 55 d5 66 26 62 00 60 01 66 26 62 00 10 00 ff 01 02 03 00 02 00 18 00 0c 80 00 00 00 00 00 00 08 00 00 00 00 00 00 00 00 00 00 00 00 00 00 00 00 00 00 00 00 00 00 00 00 00 00 00 00 00 00 6d 21 2b 9f 1111
00 01 84 0c 55 55 55 55 55 55 55 d5 66 26 62 00 60 01 66 26 62 00 10 00 ff 01 02 03 00 02 00 18 00 04 80 00 00 00 00 00 00 08 00 00 00 00 00 00 00 00 00 00 00 00 00 00 00 00 00 00 00 00 00 00 00 00 00 00 00 00 00 00 e6 76 f0 86 1111
00 01 89 2e 55 55 55 55 55 55 55 d5 66 26 62 00 60 01 66 26 62 00 10 00 ff 01 02 03 00 02 00 18 00 06 80 00 00 00 00 00 00 08 00 00 00 00 00 00 00 00 00 00 00 00 00 00 00 00 00 00 00 00 00 00 00 00 00 00 00 00 00 00 b4 61 e2 1b 1111
00 01 8e 50 55 55 55 55 55 55 55 d5 66 26 62 00 60 01 66 26 62 00 10 00 ff 01 02 03 00 02 00 18 00 00 80 00 00 00 00 00 00 08 00 00 00 00 00 00 00 00 00 00 00 00 00 00 00 00 00 00 00 00 00 00 00 00 00 00 00 00 00 00 03 5e a5 67 1111
00 01 93 69 55 55 55 55 55 55 55 d5 66 26 62 00 60 01 66 26 62 00 10 00 ff 01 02 03 00 02 00 18 00 08 80 00 00 00 00 00 00 01 00 00 00 00 00 00 00 00 00 00 00 00 00 00 00 00 00 00 00 00 00 00 00 00 00 00 00 00 00 00 d1 a7 a6 07 1111
00 01 98 8b 55 55 55 55 55 55 55 d5 66 26 62 00 60 01 66 26 62 00 10 00 ff 01 02 03 00 02 00 18 00 0a 80 00 00 00 00 00 00 02 00 00 00 00 00 00 00 00 00 00 00 00 00 00 00 00 00 00 00 00 00 00 00 00 00 00 00 00 00 00 f0 89 9c 89 1111
00 01 9d a4 55 55 55 55 55 55 55 d5 66 26 62 00 60 01 66 26 62 00 10 00 ff 01 02 03 00 02 00 18 00 0e 80 00 00 00 00 00 00 04 00 00 00 00 00 00 00 00 00 00 00 00 00 00 00 00 00 00 00 00 00 00 00 00 00 00 00 00 00 00 f3 d3 99 4e 1111
00 01 a1 5e 55 55 55 55 55 55 55 d5 66 26 62 00 60 01 66 26 62 00 10 00 ff 01 02 03 00 01 00 00 00 02 00 00 60 01 00 00 00 00 00 00 00 00 00 00 00 00 00 00 00 00 00 00 00 00 00 00 00 00 00 00 00 00 00 00 00 00 00 00 ac 68 7f 7b 1111
00 01 a5 21 55 55 55 55 55 55 55 d5 66 26 62 00 60 01 66 26 62 00 10 00 ff 01 02 03 00 01 00 00 00 01 00 00 34 10 00 00 00 00 00 00 00 00 00 00 00 00 00 00 00 00 00 00 00 00 00 00 00 00 00 00 00 00 00 00 00 00 00 00 ed 98 76 c2 1111
00 01 a8 d2 55 55 55 55 55 55 55 d5 66 26 62 00 60 01 66 26 62 00 10 00 ff 01 02 03 00 01 00 00 00 03 00 00 34 10 00 00 00 00 00 00 00 00 00 00 00 00 00 00 00 00 00 00 00 00 00 00 00 00 00 00 00 00 00 00 00 00 00 00 bf 8f 64 5f 1111
00 01 ad d9 55 55 55 55 55 55 55 d5 66 26 62 00 60 01 66 26 62 00 20 00 ff 01 02 03 00 01 00 00 00 02 00 00 60 02 00 00 00 00 00 00 00 00 00 00 00 00 00 00 00 00 00 00 00 00 00 00 00 00 00 00 00 00 00 00 00 00 00 00 52 80 d9 82 1111
00 01 b1 78 55 55 55 55 55 55 55 d5 66 26 62 00 60 01 66 26 62 00 20 00 ff 01 02 03 00 01 00 00 00 01 00 00 34 10 00 00 00 00 00 00 00 00 00 00 00 00 00 00 00 00 00 00 00 00 00 00 00 00 00 00 00 00 00 00 00 00 00 00 0a 4e 03 b0 1111
00 01 b5 20 55 55 55 55 55 55 55 d5 66 26 62 00 60 01 66 26 62 00 20 00 ff 01 02 03 00 01 00 00 00 03 00 00 34 10 00 00 00 00 00 00 00 00 00 00 00 00 00 00 00 00 00 00 00 00 00 00 00 00 00 00 00 00 00 00 00 00 00 00 58 59 11 2d 1111
00 01 ba 27 55 55 55 55 55 55 55 d5 66 26 62 00 60 01 66 26 62 00 30 00 ff 01 02 03 00 01 00 00 00 02 00 00 60 03 00 00 00 00 00 00 00 00 00 00 00 00 00 00 00 00 00 00 00 00 00 00 00 00 00 00 00 00 00 00 00 00 00 00 c7 25 6b 63 1111
00 01 bd c6 55 55 55 55 55 55 55 d5 66 26 62 00 60 01 66 26 62 00 30 00 ff 01 02 03 00 01 00 00 00 01 00 00 34 10 00 00 00 00 00 00 00 00 00 00 00 00 00 00 00 00 00 00 00 00 00 00 00 00 00 00 00 00 00 00 00 00 00 00 57 fc 2f 9e 1111
00 01 c1 6e 55 55 55 55 55 55 55 d5 66 26 62 00 60 01 66 26 62 00 30 00 ff 01 02 03 00 01 00 00 00 03 00 00 34 10 00 00 00 00 00 00 00 00 00 00 00 00 00 00 00 00 00 00 00 00 00 00 00 00 00 00 00 00 00 00 00 00 00 00 05 eb 3d 03 1111
00 01 c7 8c 55 55 55 55 55 55 55 d5 66 26 62 00 60 01 66 26 62 00 40 00 ff 01 02 03 00 01 00 00 00 02 00 00 60 04 00 00 00 00 00 00 00 00 00 00 00 00 00 00 00 00 00 00 00 00 00 00 00 00 00 00 00 00 00 00 00 00 00 00 ef 57 e5 aa 1111
00 01 cc 54 55 55 55 55 55 55 55 d5 66 26 62 00 60 01 66 26 62 00 40 00 ff 01 02 03 00 01 00 00 00 01 00 00 34 10 00 00 00 00 00 00 00 00 00 00 00 00 00 00 00 00 00 00 00 00 00 00 00 00 00 00 00 00 00 00 00 00 00 00 c4 e3 e8 54 1111
00 01 d1 13 55 55 55 55 55 55 55 d5 66 26 62 00 60 01 66 26 62 00 40 00 ff 01 02 03 00 01 00 00 00 03 00 00 34 10 00 00 00 00 00 00 00 00 00 00 00 00 00 00 00 00 00 00 00 00 00 00 00 00 00 00 00 00 00 00 00 00 00 00 96 f4 fa c9 1111
00 01 d7 3a 55 55 55 55 55 55 55 d5 66 26 62 00 60 01 66 26 62 00 50 00 ff 01 02 03 00 01 00 00 00 02 00 00 60 05 00 00 00 00 00 00 00 00 00 00 00 00 00 00 00 00 00 00 00 00 00 00 00 00 00 00 00 00 00 00 00 00 00 00 7a f2 57 4b 1111
00 01 db f9 55 55 55 55 55 55 55 d5 66 26 62 00 60 01 66 26 62 00 50 00 ff 01 02 03 00 01 00 00 00 01 00 00 34 10 00 00 00 00 00 00 00 00 00 00 00 00 00 00 00 00 00 00 00 00 00 00 00 00 00 00 00 00 00 00 00 00 00 00 99 51 c4 7a 1111
00 01 e0 c1 55 55 55 55 55 55 55 d5 66 26 62 00 60 01 66 26 62 00 50 00 ff 01 02 03 00 01 00 00 00 03 00 00 34 10 00 00 00 00 00 00 00 00 00 00 00 00 00 00 00 00 00 00 00 00 00 00 00 00 00 00 00 00 00 00 00 00 00 00 cb 46 d6 e7 1111
00 01 e6 7c 55 55 55 55 55 55 55 d5 66 26 62 00 60 02 66 26 62 00 20 00 ff 01 06 02 00 00 00 00 00 0f 26 58 00 00 00 00 00 0f 26 58 66 26 62 00 20 00 66 26 62 00 00 00 88 f7 10 10 00 2c 00 00 00 00 00 00 00 0f 25 b8 00 00 00 00 00 00 00 00 00 00 00 00 00 00 00 00 00 01 00 00 00 00 00 00 00 00 00 00 00 00 00 00 1b 0e 2f 4a 1111
00 01 e6 fa 55 55 55 55 55 55 55 d5 66 26 62 00 60 02 66 26 62 00 30 00 ff 01 06 02 00 00 00 00 00 0f 2a 98 00 00 00 00 00 0f 2a 98 66 26 62 00 30 00 66 26 62 00 00 00 88 f7 10 10 00 2c 00 00 00 00 00 00 00 0f 29 f8 00 00 00 00 00 00 00 00 00 00 00 00 00 00 00 00 00 01 00 00 00 00 00 00 00 00 00 00 00 00 00 00 ad 29 f9 2e 1111
00 02 13 97 55 55 55 55 55 55 55 d5 66 26 62 00 60 02 66 26 62 00 20 00 ff 01 06 02 00 00 00 00 00 10 8e d8 00 00 00 00 00 10 8f 78 66 26 62 00 20 00 66 26 62 00 00 00 88 f7 10 10 00 2c 00 00 00 00 00 00 00 10 8e d8 00 00 00 00 00 00 00 00 00 00 00 00 00 00 00 00 00 02 00 00 00 00 00 00 00 00 00 00 00 00 00 00 8c 2b ff c8 1111
00 02 14 1e 55 55 55 55 55 55 55 d5 66 26 62 00 60 02 66 26 62 00 30 00 ff 01 06 02 00 00 00 00 00 10 92 d0 00 00 00 00 00 10 93 70 66 26 62 00 30 00 66 26 62 00 00 00 88 f7 10 10 00 2c 00 00 00 00 00 00 00 10 92 d0 00 00 00 00 00 00 00 00 00 00 00 00 00 00 00 00 00 02 00 00 00 00 00 00 00 00 00 00 00 00 00 00 20 f0 9f b9 1111
00 02 44 75 55 55 55 55 55 55 55 d5 66 26 62 00 60 02 66 26 62 00 20 00 ff 01 06 02 00 00 00 00 00 12 15 c8 00 00 00 00 00 12 16 68 66 26 62 00 20 00 66 26 62 00 00 00 88 f7 10 10 00 2c 00 00 00 00 00 00 00 12 15 c8 00 00 00 00 00 00 00 00 00 00 00 00 00 00 00 00 00 03 00 00 00 00 00 00 00 00 00 00 00 00 00 00 e9 70 4b 31 1111
00 02 44 fc 55 55 55 55 55 55 55 d5 66 26 62 00 60 02 66 26 62 00 30 00 ff 01 06 02 00 00 00 00 00 12 19 c0 00 00 00 00 00 12 1a 60 66 26 62 00 30 00 66 26 62 00 00 00 88 f7 10 10 00 2c 00 00 00 00 00 00 00 12 19 c0 00 00 00 00 00 00 00 00 00 00 00 00 00 00 00 00 00 03 00 00 00 00 00 00 00 00 00 00 00 00 00 00 5e 01 c8 49 1111
