00 5E 00 0C 66 26 62 00 10 00 66 26 62 00 70 02 FF 01 02 02 00 01 00 08 00 01 00 00 00 07 00 00 00 00 00 00 00 00 00 00 00 00 00 00 00 00 00 00 00 00 00 00 00 00 00 00 00 00 00 00 00 00 00 00 00 00 00 00 60 14 00 00 00 00 00 00 91 00 00 00 00 00 00 00 B8 27 9A 39 C7 7F 00 00 B8 27 00 00 00 00
00 5E 00 0C 66 26 62 00 40 00 66 26 62 00 70 02 FF 01 02 02 00 01 00 08 00 01 00 00 00 07 00 00 00 00 00 00 00 00 00 00 00 00 00 00 00 00 00 00 00 00 00 00 00 00 00 00 00 00 00 00 00 00 00 00 00 00 00 00 60 14 00 00 00 00 00 00 91 00 00 00 00 00 00 00 B8 27 9A 39 C7 7F 00 00 B8 27 00 00 00 00
00 5E 00 0C 66 26 62 00 50 00 66 26 62 00 70 02 FF 01 02 02 00 01 00 08 00 01 00 00 00 07 00 00 00 00 00 00 00 00 00 00 00 00 00 00 00 00 00 00 00 00 00 00 00 00 00 00 00 00 00 00 00 00 00 00 00 00 00 00 60 14 00 00 00 00 00 00 91 00 00 00 00 00 00 00 B8 27 9A 39 C7 7F 00 00 B8 27 00 00 00 00
00 84 00 0C 66 26 62 00 10 00 66 26 62 00 70 02 FF 01 02 02 00 03 00 08 00 02 00 00 00 00 00 0F 21 E0 00 0F 21 88 00 00 00 00 00 00 00 00 00 00 00 00 00 00 40 00 00 00 00 00 00 00 21 00 00 00 00 00 00 00 04 00 A6 01 00 00 00 00 60 AE A6 01 00 00 00 00 00 00 00 00 00 00 00 00 51 00 00 00 00 00 00 00 37 00 A6 01 00 00 00 00 F0 B5 A0 39 C7 7F 00 00 90 C4 A0 39 C7 7F 00 00 00 00 00 00 00 00 00 00 00 00 00 00
00 5E 00 0C 66 26 62 00 10 00 66 26 62 00 70 02 FF 01 06 01 00 00 00 00 00 00 00 00 00 00 00 00 00 00 00 00 66 26 62 00 40 00 66 26 62 00 10 00 88 F7 10 10 00 2C 00 00 00 00 00 00 00 00 00 00 00 00 00 00 00 00 00 00 00 00 00 00 00 00 00 00 00 01 00 00 00 00 00 00 00 00 00 00 00 00 00 00 00 00
00 5E 00 0C 66 26 62 00 10 00 66 26 62 00 70 02 FF 01 06 01 00 00 00 00 00 00 00 00 00 00 00 00 00 00 00 00 66 26 62 00 50 00 66 26 62 00 10 00 88 F7 10 10 00 2C 00 00 00 00 00 00 00 00 00 00 00 00 00 00 00 00 00 00 00 00 00 00 00 00 00 00 00 01 00 00 00 00 00 00 00 00 00 00 00 00 00 00 00 00
00 84 00 0C 66 26 62 00 40 00 66 26 62 00 70 02 FF 01 02 02 00 03 00 08 00 02 00 00 00 00 00 0F 3F F0 00 0F 41 30 00 00 00 00 00 00 81 05 00 00 00 00 00 00 B8 27 9A 39 C7 7F 00 00 B8 27 9A 39 C7 7F 00 00 00 00 00 00 00 00 00 00 00 00 00 00 00 00 00 00 00 00 00 00 00 00 00 00 00 00 00 00 00 00 00 00 00 00 00 00 00 00 00 00 A0 A5 A6 01 00 00 00 00 FF FF FF FF 00 00 00 00 00 00 00 00 00 00 00 00 00 00 00 00
00 84 00 0C 66 26 62 00 50 00 66 26 62 00 70 02 FF 01 02 02 00 03 00 08 00 02 00 00 00 00 00 0F 44 30 00 0F 46 60 00 00 00 00 00 00 81 05 00 00 00 00 00 00 B8 27 9A 39 C7 7F 00 00 B8 27 9A 39 C7 7F 00 00 00 00 00 00 00 00 00 00 00 00 00 00 00 00 00 00 00 00 00 00 00 00 00 00 00 00 00 00 00 00 00 00 00 00 00 00 00 00 00 00 00 00 00 00 00 00 00 00 00 00 00 00 00 00 00 00 00 00 00 00 00 00 00 00 00 00 00 00
00 84 00 0C 66 26 62 00 10 00 66 26 62 00 70 02 FF 01 02 02 00 03 00 08 00 02 00 00 00 00 00 10 8A 70 00 10 8A 58 00 00 00 00 00 00 81 05 00 00 00 00 00 00 B8 27 9A 39 C7 7F 00 00 B8 27 9A 39 C7 7F 00 00 00 00 00 00 00 00 00 00 00 00 00 00 00 00 00 00 00 00 00 00 00 00 00 00 00 00 00 00 00 00 00 00 00 00 00 00 00 00 00 00 00 00 00 00 00 00 00 00 00 00 00 00 00 00 00 00 00 00 00 00 00 00 00 00 00 00 00 00
00 5E 00 0C 66 26 62 00 10 00 66 26 62 00 70 02 FF 01 06 01 00 00 00 00 00 00 00 00 00 00 00 00 00 00 00 00 66 26 62 00 40 00 66 26 62 00 10 00 88 F7 10 10 00 2C 00 00 00 00 00 00 00 00 00 00 00 00 00 00 00 00 00 00 00 00 00 00 00 00 00 00 00 02 00 00 00 00 00 00 00 00 00 00 00 00 00 00 00 00
00 5E 00 0C 66 26 62 00 10 00 66 26 62 00 70 02 FF 01 06 01 00 00 00 00 00 00 00 00 00 00 00 00 00 00 00 00 66 26 62 00 50 00 66 26 62 00 10 00 88 F7 10 10 00 2C 00 00 00 00 00 00 00 00 00 00 00 00 00 00 00 00 00 00 00 00 00 00 00 00 00 00 00 02 00 00 00 00 00 00 00 00 00 00 00 00 00 00 00 00
00 84 00 0C 66 26 62 00 40 00 66 26 62 00 70 02 FF 01 02 02 00 03 00 08 00 02 00 00 00 00 00 10 A8 E0 00 10 A8 E0 00 00 00 00 00 00 81 05 00 00 00 00 00 00 B8 27 9A 39 C7 7F 00 00 B8 27 9A 39 C7 7F 00 00 00 00 00 00 00 00 00 00 00 00 00 00 00 00 00 00 00 00 00 00 00 00 00 00 00 00 00 00 00 00 00 00 00 00 00 00 00 00 00 00 00 00 00 00 00 00 00 00 00 00 00 00 00 00 00 00 00 00 00 00 00 00 00 00 00 00 00 00
00 84 00 0C 66 26 62 00 50 00 66 26 62 00 70 02 FF 01 02 02 00 03 00 08 00 02 00 00 00 00 00 10 AD 20 00 10 AD 38 00 00 00 00 00 00 81 05 00 00 00 00 00 00 B8 27 9A 39 C7 7F 00 00 B8 27 9A 39 C7 7F 00 00 00 00 00 00 00 00 00 00 00 00 00 00 00 00 00 00 00 00 00 00 00 00 00 00 00 00 00 00 00 00 00 00 00 00 00 00 00 00 00 00 00 00 00 00 00 00 00 00 00 00 00 00 00 00 00 00 00 00 00 00 00 00 00 00 00 00 00 00
00 84 00 0C 66 26 62 00 10 00 66 26 62 00 70 02 FF 01 02 02 00 03 00 08 00 02 00 00 00 00 00 12 11 60 00 12 11 40 00 00 00 00 00 00 81 05 00 00 00 00 00 00 B8 27 9A 39 C7 7F 00 00 B8 27 9A 39 C7 7F 00 00 00 00 00 00 00 00 00 00 00 00 00 00 00 00 00 00 00 00 00 00 00 00 00 00 00 00 00 00 00 00 00 00 00 00 00 00 00 00 00 00 00 00 00 00 00 00 00 00 00 00 00 00 00 00 00 00 00 00 00 00 00 00 00 00 00 00 00 00
00 5E 00 0C 66 26 62 00 10 00 66 26 62 00 70 02 FF 01 06 01 00 00 00 00 00 00 00 00 00 00 00 00 00 00 00 00 66 26 62 00 40 00 66 26 62 00 10 00 88 F7 10 10 00 2C 00 00 00 00 00 00 00 00 00 00 00 00 00 00 00 00 00 00 00 00 00 00 00 00 00 00 00 03 00 00 00 00 00 00 00 00 00 00 00 00 00 00 00 00
00 5E 00 0C 66 26 62 00 10 00 66 26 62 00 70 02 FF 01 06 01 00 00 00 00 00 00 00 00 00 00 00 00 00 00 00 00 66 26 62 00 50 00 66 26 62 00 10 00 88 F7 10 10 00 2C 00 00 00 00 00 00 00 00 00 00 00 00 00 00 00 00 00 00 00 00 00 00 00 00 00 00 00 03 00 00 00 00 00 00 00 00 00 00 00 00 00 00 00 00
00 84 00 0C 66 26 62 00 40 00 66 26 62 00 70 02 FF 01 02 02 00 03 00 08 00 02 00 00 00 00 00 12 2F A8 00 12 2F A0 00 00 00 00 00 00 81 05 00 00 00 00 00 00 B8 27 9A 39 C7 7F 00 00 B8 27 9A 39 C7 7F 00 00 00 00 00 00 00 00 00 00 00 00 00 00 00 00 00 00 00 00 00 00 00 00 00 00 00 00 00 00 00 00 00 00 00 00 00 00 00 00 00 00 00 00 00 00 00 00 00 00 00 00 00 00 00 00 00 00 00 00 00 00 00 00 00 00 00 00 00 00
00 84 00 0C 66 26 62 00 50 00 66 26 62 00 70 02 FF 01 02 02 00 03 00 08 00 02 00 00 00 00 00 12 33 E8 00 12 33 F8 00 00 00 00 00 00 81 05 00 00 00 00 00 00 B8 27 9A 39 C7 7F 00 00 B8 27 9A 39 C7 7F 00 00 00 00 00 00 00 00 00 00 00 00 00 00 00 00 00 00 00 00 00 00 00 00 00 00 00 00 00 00 00 00 00 00 00 00 00 00 00 00 00 00 00 00 00 00 00 00 00 00 00 00 00 00 00 00 00 00 00 00 00 00 00 00 00 00 00 00 00 00
